Here is the data  x(i), y(i) and p(i): 
0, 1, 0 
0.5, 1, 0 
1, 1, 0 
1.5, 1, 0 
2, 1, 0 
2.5, 1, 0 
3, 1, 0 
3.5, 1, 0 
4, 1, 0 
4.5, 1, 2 
5, 3, 2 
5.5, 3, 0 
6, 3, 0 
6.5, 3, 0 
7, 3, 0 
7.5, 3, 0 
8, 3, 0 
8.5, 3, 0 
9, 3, 0 
9.5, 3, 0 
x, approximated y, approximated derivative 
0  1  0   
0.25  1  0   
0.5  1  0   
0.75  1  0   
1  1  0   
1.25  1  0   
1.5  1  0   
1.75  1  0   
2  1  0   
2.25  1  0   
2.5  1  0   
2.75  1  0   
3  1  0   
3.25  1  0   
3.5  1  0   
3.75  1  -0.125   
4  1  0   
4.25  0.875  1   
4.5  1  2   
4.75  2  2.25   
5  3  2   
5.25  3.125  1   
5.5  3  0   
5.75  3  -0.125   
6  3  0   
6.25  3  0   
6.5  3  0   
6.75  3  0   
7  3  0   
7.25  3  0   
7.5  3  0   
7.75  3  0   
8  3  0   
8.25  3  0   
8.5  3  0   
8.75  3  0   
