Here is the data x(i), y(i) and p(i): 
0, -1, 1 
0.5, -0.125, 1 
1, 0, 0.25 
1.5, 0.125, 1 
2, 1, 3.25 
2.5, 3.375, 7 
3, 8, 12.25 
3.5, 15.625, 19 
4, 27, 27.25 
4.5, 42.875, 37 
5, 64, 48.25 
5.5, 91.125, 61 
6, 125, 75.25 
6.5, 166.375, 91 
7, 216, 108.25 
7.5, 274.625, 127 
8, 343, 147.25 
8.5, 421.875, 169 
9, 512, 192.25 
9.5, 614.125, 192.25 
x, approximated y, approximated derivative 
0  -1  1   
0.1  -0.861  0.964   
0.2  -0.668  0.982   
0.3  -0.457  1.018   
0.4  -0.264  1.036   
0.5  -0.125  1   
0.6  -0.052  0.874   
0.7  -0.021  0.682   
0.8  -0.014  0.478   
0.9  -0.013  0.316   
1  0  0.25   
1.1  0.013  0.28   
1.2  0.014  0.37   
1.3  0.021  0.52   
1.4  0.0520000000000001  0.73   
1.5  0.125  1   
1.6  0.228  1.33   
1.7  0.349000000000001  1.72   
1.8  0.506000000000001  2.17   
1.9  0.717000000000001  2.68   
2  1  3.25   
2.1  1.343  3.88   
2.2  1.734  4.57   
2.3  2.191  5.32000000000001   
2.4  2.732  6.13000000000001   
2.5  3.37500000000001  7.00000000000001   
2.6  4.10800000000001  7.93000000000001   
2.7  4.91900000000001  8.92000000000001   
2.8  5.82600000000001  9.97000000000001   
2.9  6.84700000000001  11.08   
3  8.00000000000002  12.25   
3.1  9.27300000000002  13.48   
3.2  10.654  14.77   
3.3  12.161  16.12   
3.4  13.812  17.53   
3.5  15.625  19   
3.6  17.588  20.53   
3.7  19.689  22.12   
3.8  21.946  23.77   
3.9  24.3770000000001  25.48   
4  27  27.25   
4.1  29.803  29.08   
4.2  32.774  30.97   
4.3  35.931  32.92   
4.4  39.292  34.93   
4.5  42.875  37   
4.6  46.668  39.13   
4.7  50.659  41.32   
4.8  54.8659999999999  43.57   
4.9  59.3069999999999  45.88   
5  63.9999999999999  48.25   
