Constant rmax and varying dr 
0.1 -0.498756211208897 
0.2 -0.495097567963917 
0.3 -0.48922945434504 
0.4 -0.481456008918114 
0.5 -0.472135954999553 
0.6 -0.461639941580661 
0.7 -0.450317472598556 
0.8 -0.438476324197621 
0.9 -0.426373339144524 
1 -0.414213562372582 
1.1 -0.4021544419258 
1.2 -0.39031245498046 
1.3 -0.378770382646704 
1.4 -0.36758421091091 
1.5 -0.356789172300646 
1.6 -0.346404775874476 
1.7 -0.336438855242116 
1.8 -0.326890749358435 
1.9 -0.317753754518478 
2 -0.309016991749825 
2.1 -0.300666817310878 
2.2 -0.292687849521929 
2.3 -0.285063744917839 
2.4 -0.277777774571277 
2.5 -0.270813147518711 
2.6 -0.264153476063935 
2.7 -0.257782702570999 
2.8 -0.25168541765373 
2.9 -0.245846729306955 
3 -0.240252961012975 
3.1 -0.234890606065659 
3.2 -0.22974710264463 
3.3 -0.224810603522768 
3.4 -0.220068998568333 
3.5 -0.215513918140384 
3.6 -0.211134296095582 
3.7 -0.206920891864978 
3.8 -0.202865029594543 
3.9 -0.198958565555623 
4 -0.195184428133363 
4.1 -0.191555721765463 
4.2 -0.188054619589099 
4.3 -0.184674839557575 
4.4 -0.181410474016348 
4.5 -0.178255966096535 
4.6 -0.175206087249881 
4.7 -0.172255915996148 
4.8 -0.169400817907806 
4.9 -0.166636426824786 
5 -0.163958627270192 
5.1 -0.161266228084592 
5.2 -0.158758832386036 
5.3 -0.156326126871729 
5.4 -0.15396495215668 
5.5 -0.15167231368066 
5.6 -0.14944537228099 
5.7 -0.147281435243272 
5.8 -0.145177947830493 
5.9 -0.14313248528346 
5.99999999999999 -0.141142745280116 
6.09999999999999 -0.139206540837689 
6.19999999999999 -0.137321793639184 
6.29999999999999 -0.135486527764325 
6.39999999999999 -0.133698863804298 
6.49999999999999 -0.131957013339454 
6.59999999999999 -0.130259273759336 
6.69999999999999 -0.126977055023391 
6.79999999999999 -0.125432525951557 
6.89999999999999 -0.12392354547364 
6.99999999999999 -0.122448979591837 
7.09999999999999 -0.121007736560206 
7.19999999999999 -0.119598765432099 
7.29999999999999 -0.118221054606868 
7.39999999999999 -0.116873630387144 
7.49999999999999 -0.115555555555556 
7.59999999999999 -0.114265927977839 
7.69999999999999 -0.113003879237646 
7.79999999999999 -0.111768573307035 
7.89999999999999 -0.110559205255568 
7.99999999999999 -0.109375 
8.09999999999999 -0.10821521109587 
8.19999999999999 -0.107079119571684 
8.29999999999999 -0.105966032805923 
8.39999999999999 -0.104875283446712 
8.49999999999999 -0.103806228373703 
8.59999999999999 -0.10275824770146 
8.69999999999999 -0.101730743823491 
8.79999999999998 -0.100723140495868 
8.89999999999998 -0.0997348819593487 
8.99999999999998 -0.0987654320987656 
9.09999999999998 -0.0978142736384496 
9.19999999999998 -0.0968809073724009 
9.29999999999998 -0.0959648514279109 
9.39999999999998 -0.0950656405613401 
9.49999999999998 -0.0941828254847647 
9.59999999999998 -0.0933159722222224 
9.69999999999998 -0.0924646614943141 
9.79999999999998 -0.091628488129946 
9.89999999999998 -0.0908070605040304 
9.99999999999998 -0.0900000000000002 
Constant dr and varying rmax 
0.3 90 
0.4 23.3706904598307 
0.5 14.2591961867038 
0.6 14.2591961867038 
0.7 9.30789572336841 
0.8 6.36075001990963 
0.9 4.48541849799968 
1 3.23007534642498 
1.1 2.3558004617679 
1.2 1.72730521088627 
1.3 0.914189474068629 
1.4 0.646002185415791 
1.5 0.437012711234736 
1.6 0.272002893031041 
1.7 0.140232792149339 
1.8 0.0339651851735585 
1.9 -0.0524759729883143 
2 -0.123322176579539 
2.1 -0.181773630471516 
2.2 -0.230281981614985 
2.3 -0.270747362924367 
2.4 -0.304658034837447 
2.5 -0.333190860630538 
2.6 -0.357284608312962 
2.7 -0.377694110014487 
2.8 -0.395030746436817 
2.9 -0.409793035782622 
3 -0.422389976502082 
3.1 -0.43315902523256 
3.2 -0.442380062094512 
3.3 -0.450286326067208 
3.4 -0.457073042137959 
3.5 -0.462904275399035 
3.6 -0.467918412577145 
3.7 -0.472232573254504 
3.8 -0.475946180738834 
3.9 -0.479143868852496 
4 -0.481897860717702 
4.1 -0.484269925288386 
4.2 -0.486312994328682 
4.3 -0.488072504897021 
4.4 -0.489587518803962 
4.5 -0.4908916599771 
4.6 -0.4908916599771 
4.7 -0.492013902452889 
4.8 -0.492979235275583 
4.9 -0.493809225509645 
5 -0.49452249655404 
5.1 -0.495135135750403 
5.2 -0.495661042724624 
5.3 -0.496112227852883 
5.4 -0.496499068594487 
5.5 -0.49683053010096 
5.6 -0.497114355430423 
5.7 -0.497357229814906 
5.8 -0.497564922710774 
5.9 -0.497742410771334 
5.99999999999999 -0.497893984395733 
6.09999999999999 -0.498023340106847 
6.19999999999999 -0.498133660677515 
6.29999999999999 -0.498227684646211 
6.39999999999999 -0.498307766631224 
6.49999999999999 -0.498375929655868 
6.59999999999999 -0.498433910531745 
6.69999999999999 -0.498483199206361 
6.79999999999999 -0.498525072861465 
6.89999999999999 -0.498560625444795 
6.99999999999999 -0.498590793230526 
7.09999999999999 -0.498616376925685 
7.19999999999999 -0.498638060774683 
7.29999999999999 -0.498656429055559 
7.39999999999999 -0.498671980312257 
7.49999999999999 -0.498685139622087 
7.59999999999999 -0.498696269160459 
7.69999999999999 -0.498705677290817 
7.79999999999999 -0.498713626378534 
7.89999999999999 -0.498720339501314 
7.99999999999999 -0.49872600620737 
8.09999999999999 -0.498730787451352 
8.19999999999999 -0.498734819822236 
8.29999999999999 -0.498738219161058 
8.39999999999999 -0.498741083654329 
8.49999999999999 -0.498743496476547 
8.59999999999999 -0.498745528046106 
8.69999999999999 -0.498747237948917 
8.79999999999998 -0.498748676578264 
8.89999999999998 -0.498749886531008 
8.99999999999998 -0.498750903795756 
9.09999999999998 -0.498751758763406 
9.19999999999998 -0.498752477085596 
9.29999999999998 -0.498753080403923 
9.39999999999998 -0.498753586968695 
9.49999999999998 -0.498754012163692 
9.59999999999998 -0.498754368950954 
9.69999999999998 -0.498754668247594 
9.79999999999998 -0.498754919244667 
9.89999999999998 -0.498755129677209 
9.99999999999998 -0.498755306052428 
Let's compare these with the analytical solution 
0.3 0.417961923411008 0.206381051779581 0.797682080043516 -0.340664389408205 

0.6 0.309633808414052 0.146286673193853 0.593499837697508 -0.241871995714868 

0.9 0.229382367012202 0.0989293693634988 0.441581954675468 -0.16379202298458 

1.2 0.16993063698574 0.0619267616828103 0.328550365145307 -0.10264031532005 

1.5 0.125887712131087 0.0333130360841053 0.244451373057482 -0.0552748325141086 

1.8 0.093259910906644 0.0114691183506101 0.181879121598621 -0.0190916837246468 

2.1 0.0690886412587956 -0.00493578082346655 0.135323425270761 0.00806254000355896 

2.4 0.0511821242866584 -0.016993063698574 0.100684534529528 0.0279646230896166 

2.7 0.0379166502447529 -0.025595614571208 0.0749121092052461 0.0420769026762159 

3 0.0280893453685288 -0.0314719280327717 0.0557366008590247 0.0515995582947738 

3.3 0.0208090988560278 -0.0352145813386666 0.0414693945030298 0.0575145515045426 

3.6 0.0154157595885125 -0.0373039643626576 0.0308541064227554 0.0606225047023675 

3.9 0.0114202755888189 -0.0381280358690684 0.0229559470836971 0.0615736260973104 

4.2 0.0084603482414037 -0.0379987526923376 0.0170794010558281 0.0608936072439411 

4.5 0.00626758013054439 -0.0371657153823842 0.012706980627238 0.0590052871813142 

4.8 0.00464313756028999 -0.0358274870006609 0.009453654723794 0.0562467487332475 

5.1 0.00343972090579448 -0.0341409685335268 0.00703294339600551 0.0528864139360851 

5.4 0.00254820792107237 -0.0322291527080399 0.00523169004947135 0.0491356168042639 

5.7 0.00188775885801589 -0.0301875260571046 0.00389129166062854 0.0451590562585934 

6 0.00139848615827149 -0.0280893453685288 0.00289373224065525 0.0410834726258407 

6.3 0.00103602402741869 -0.0259899778820948 0.00215119102905558 0.0370048327284441 

6.6 0.000767505476575825 -0.023930463684432 0.00159831032422312 0.0329942694738484 

6.9 0.000568582041520377 -0.0219404327753108 0.00118644050236604 0.029102977186618 

7.2 0.000421215936310704 -0.0200404874650662 0.00087935818178245 0.0253662376700842 

7.5 0.000312044440460479 -0.0182441424556652 0.000650077503873565 0.0218067193030626 

7.8 0.000231168207155555 -0.0165593996037875 0.000478476889988109 0.0184371724348932 

8.1 0.000171253619903161 -0.01499002149571 0.000349529101254228 0.0152626221217609 

8.4 0.000126867801981963 -0.0135365571862459 0.000251982713577831 0.0122821438806226 

8.7 9.39859793260782E-05 -0.012197164434639 0.000177374840471086 0.00949029446457551 

9 6.96265259733739E-05 -0.0109682652284527 0.000119292552835925 0.00687825647553906 

9.3 5.15805990838443E-05 -0.00984506508551805 7.28147236518854E-05 0.00443474802491047 

9.6 3.82118476349906E-05 -0.00882196136455098 3.40883008861468E-05 0.00214673759255629 

