Test 12 step with u'=-u 
0   0.995002942187504   -0.0998500377485 
0.1   0.980060824923412   -0.198702162674582 
0.2   0.955322985877741   -0.295568346844657 
0.3   0.921036671098002   -0.389480410929833 
0.4   0.877544563871451   -0.47949970117647 
0.5   0.825281359689879   -0.564726471277172 
0.6   0.76476942154933   -0.64430887537012 
0.7   0.696613559009219   -0.71745148228139 
0.8   0.621494983193367   -0.783423225909956 
0.9   0.540164498152012   -0.841564712290793 
1   0.453434996636448   -0.891294810301397 
1.1   0.362173335290409   -0.932116460136983 
1.2   0.267291670465143   -0.963621641497946 
1.3   0.169738341256188   -0.985495451831813 
1.4   0.0704883908855522   -0.997519253866855 
1.5   -0.0294661788322738   -0.999572860976957 
1.6   -0.129126322534061   -0.991635738534146 
1.7   -0.227495936760639   -0.973787209240403 
1.8   -0.323591816014199   -0.946205660385579 
1.9   -0.41645347990927   -0.909166760953997 
2   -0.505152773194886   -0.863040706398875 
2.1   -0.588803142695509   -0.808288518622193 
2.2   -0.666568498447385   -0.745457438140879 
2.3   -0.737671570462921   -0.675175454493801 
2.4   -0.80140167759675   -0.598145029557399 
2.5   -0.857121830863151   -0.515136076504696 
2.6   -0.904275100206584   -0.42697826458235 
2.7   -0.942390181088787   -0.334552726618897 
2.8   -0.971086105253718   -0.238783252147122 
2.9   -0.990076048585453   -0.140627054164859 
3   -0.999170197998725   -0.0410652018200531 
3.1   -0.998277648706684   0.0589071853548727 
3.2   -0.987407312901832   0.158290883650929 
3.3   -0.966667830766991   0.256092552420528 
3.4   -0.936266484704868   0.351334662523077 
3.5   -0.896507127637609   0.443065266743352 
3.6   -0.847787146082116   0.530367514527141 
3.7   -0.790593488354339   0.612368815934172 
3.8   -0.725497797599817   0.688249563214278 
3.9   -0.653150698295038   0.757251322834266 
4   -0.574275293325282   0.818684416075693 
4.1   -0.48965993663498   0.871934812434933 
4.2   -0.400150353687293   0.916470266925399 
4.3   -0.306641188488347   0.95184563993889 
4.4   -0.210067061663135   0.977707346493349 
4.5   -0.111393228957156   0.993796890396 
4.6   -0.0116059335317534   0.999953447997112 
4.7   0.0882974515183274   0.996115475708917 
4.8   0.187318391899795   0.982321325221676 
4.9   0.284467172470669   0.958708860266912 
5   0.378772789451548   0.9255140787574 
5.1   0.469292655625553   0.883068754074729 
5.2   0.555122021523295   0.831797119078903 
5.3   0.635403018427875   0.772211625982473 
5.4   0.709333232814737   0.704907824468422 
5.5   0.776173726524422   0.630558409244255 
5.6   0.835256422506112   0.549906496526248 
5.7   0.885990782310881   0.463758196654726 
5.8   0.927869708592486   0.372974557076459 
5.9   0.960474613619499   0.278462956223508 
5.99999999999999   0.983479603138284   0.181168034306237 
6.09999999999999   0.99665473376829   0.0820622516667949 
6.19999999999999   0.999868311371208   -0.017863830937993 
6.29999999999999   0.993088207420911   -0.117611452975987 
6.39999999999999   0.976382180216212   -0.216183636744623 
6.49999999999999   0.949917197725022   -0.312595152165246 
6.59999999999999   0.913957768827207   -0.405882364168764 
6.69999999999999   0.868863299634496   -0.495112864247871 
6.79999999999999   0.815084501310148   -0.579394789908305 
6.89999999999999   0.753158885291403   -0.65788573887091 
6.99999999999999   0.683705390939146   -0.72980118892672 
7.09999999999999   0.607418199310674   -0.794422339288151 
7.19999999999999   0.525059794886182   -0.851103295061487 
7.29999999999999   0.437453344596356   -0.899277523031263 
7.39999999999999   0.345474470322089   -0.938463514230351 
7.49999999999999   0.250042497099657   -0.968269596697627 
7.59999999999999   0.152111264505086   -0.988397850318977 
7.69999999999999   0.0526595930575356   -0.998647084621991 
7.79999999999999   -0.0473184990702909   -0.998914849760469 
7.89999999999999   -0.146823731250956   -0.989198460588084 
7.99999999999999   -0.244861548208127   -0.969595023584709 
8.09999999999999   -0.340452060601366   -0.940300466365409 
8.19999999999999   -0.432639839033677   -0.901607579471263 
8.29999999999999   -0.520503463590577   -0.853903090013441 
8.39999999999999   -0.603164733462814   -0.79766379641863 
8.49999999999999   -0.679797444602254   -0.733451802908164 
8.59999999999999   -0.749635647677876   -0.661908901341483 
8.69999999999999   -0.811981303793137   -0.583750156576615 
8.79999999999998   -0.866211261445285   -0.499756759461326 
8.89999999999998   -0.911783484991289   -0.410768218888623 
8.99999999999998   -0.948242472366222   -0.317673970956461 
9.09999999999998   -0.975223807903262   -0.221404489097567 
9.19999999999998   -0.992457804749126   -0.122921984033222 
9.29999999999998   -0.999772200468169   -0.0232107865045865 
9.39999999999998   -0.997093878891758   0.0767324910940992 
9.49999999999998   -0.984449601002167   0.175908915846147 
9.59999999999998   -0.961965737544935   0.273327218645493 
9.69999999999998   -0.929867006041336   0.368013701938819 
9.79999999999998   -0.888474224823658   0.459021971848753 
9.89999999999998   -0.838201106540812   0.545442397405431 
9.99999999999998   -0.779550123182363   0.626411202341145 

 Test 12 step with scipy 
0   3.03910818126897   -0.0496667132534454 
0.1   3.03162041430257   -0.100556745204765 
0.2   3.01888392978494   -0.155141620959198 
0.3   3.00040173709653   -0.216004125983406 
0.4   2.97540842789807   -0.285952632532913 
0.5   2.94284191423029   -0.368135010937355 
0.6   2.90130386184054   -0.466149878753443 
0.7   2.84900944103617   -0.584146325276424 
0.8   2.78372844200328   -0.726891033834758 
0.9   2.70272226407422   -0.899761024702455 
1   2.60268899515897   -1.10857851989448 
1.1   2.47974065446046   -1.35914204287873 
1.2   2.32944674918357   -1.65623717988111 
1.3   2.14701733264709   -2.00179436592725 
1.4   1.92772712920402   -2.39186089702884 
1.5   1.66770745339946   -2.81233667863208 
1.6   1.36519476532683   -3.23437477265491 
1.7   1.02216164934032   -3.61212169052951 
1.8   0.645870935224558   -3.88733759921569 
1.9   0.249583322895166   -4.00392941401163 
2   -0.148903698113211   -3.92897701896408 
2.1   -0.530321383968444   -3.66686491465099 
2.2   -0.877663255534668   -3.25641219945615 
2.3   -1.17879084488711   -2.75313547763716 
2.4   -1.42710429738848   -2.20931888244737 
2.5   -1.62058231837078   -1.66210019204407 
2.6   -1.7600442752284   -1.13149847783014 
2.7   -1.84758170207078   -0.623864817505376 
2.8   -1.8854375936828   -0.136844923557155 
2.9   -1.87536770379805   0.336141135240272 
3   -1.81840674732882   0.802273640035951 
3.1   -1.71496763942216   1.26620644857444 
3.2   -1.56524686474905   1.72699922870736 
3.3   -1.36993956391909   2.17503103666198 
3.4   -1.13124109594579   2.58957878610149 
3.5   -0.853992736175092   2.93874948275254 
3.6   -0.546655185829468   3.18392604962828 
3.7   -0.221525191372581   3.28971189313457 
3.8   0.106287662559964   3.23619577975256 
3.9   0.420816284019438   3.02687900965693 
4   0.707600875891376   2.68731154013105 
4.1   0.955452994014548   2.25531425011586 
4.2   1.15705163354232   1.76915344998379 
4.3   1.30859056462142   1.2591408589873 
4.4   1.40877320665892   0.744962121729214 
4.5   1.45778546162227   0.237137686990498 
4.6   1.45653995403481   -0.259598288547349 
4.7   1.4062834978456   -0.742470799670233 
4.8   1.30859333314594   -1.20702844517184 
4.9   1.16570105294888   -1.64408804429873 
5   0.981080168652998   -2.03772720956286 
5.1   0.760147618361698   -2.36522388152349 
5.2   0.510870956510749   -2.5999157006493 
5.3   0.243807673332915   -2.71739204247896 
5.4   -0.0284671852651143   -2.7028437714702 
5.5   -0.292618058596644   -2.55643344777789 
5.6   -0.536111693345408   -2.29359797392911 
5.7   -0.748534940411095   -1.94013701112947 
5.8   -0.922268841972039   -1.52498375511825 
5.9   -1.05247640830243   -1.07418393068452 
5.99999999999999   -1.13665700272177   -0.607839067213888 
6.09999999999999   -1.17401841773032   -0.140145135863117 
6.19999999999999   -1.16496464100289   0.318725113683304 
6.29999999999999   -1.11081985114387   0.759908313736734 
6.39999999999999   -1.01383454460753   1.17324065511215 
6.49999999999999   -0.877425268381016   1.54536494122444 
6.59999999999999   -0.706540685078408   1.85920513053731 
6.69999999999999   -0.507977807906395   2.09537968300961 
6.79999999999999   -0.290451138453097   2.23560873566126 
6.89999999999999   -0.0642581298843525   2.26725415815939 
6.99999999999999   0.159491741328063   2.18720076175077 
7.09999999999999   0.369922870985732   2.00318281307978 
7.19999999999999   0.557408593498845   1.73186203055087 
7.29999999999999   0.714267396208586   1.39470692970162 
7.39999999999999   0.835018899957391   1.01366173265327 
7.49999999999999   0.916271732217306   0.608203347130561 
7.59999999999999   0.956416031062289   0.194315822169009 
7.69999999999999   0.955287433010327   -0.214932122849628 
7.79999999999999   0.91394055125992   -0.607864343739227 
7.89999999999999   0.834590543130921   -0.972592664066653 
7.99999999999999   0.720704744131169   -1.29586000298239 
8.09999999999999   0.577158881703182   -1.56292504092822 
8.19999999999999   0.410335496559072   -1.75875292210527 
8.29999999999999   0.228040454470585   -1.87038096353577 
8.39999999999999   0.0391527358372561   -1.88976508618386 
8.49999999999999   -0.146987739379341   -1.81598538520895 
8.59999999999999   -0.321336996338299   -1.65579939833934 
8.69999999999999   -0.475861397053797   -1.42227586292035 
8.79999999999998   -0.604042819883696   -1.13216546488647 
8.89999999999998   -0.701104500832627   -0.803139418872476 
8.99999999999998   -0.763997764967647   -0.451824577228515 
9.09999999999998   -0.791249513732895   -0.092975045074469 
9.19999999999998   -0.782774242994019   0.260251281339773 
9.29999999999998   -0.739755902094375   0.59556566229576 
9.39999999999998   -0.664598581926591   0.900754522912199 
9.49999999999998   -0.560934389996239   1.16330778930192 
9.59999999999998   -0.433657540334965   1.37073124790899 
9.69999999999998   -0.288865505529624   1.51174356229947 
9.79999999999998   -0.133652743642962   1.57799846054536 
9.89999999999998   0.0242706480775002   1.56577361228573 
9.99999999999998   0.177098817618999   1.47694913876663 
